	IG flesh	MG flesh	Br flesh	Or Flesh	Rd flesh	IG peel	MG peel	Br peel	Or peel 	Rd peel		A_IG-FLESH	B_IG-FLESH	C_IG-FLESH	A_MG-FLESH	B_MG-FLESH	C_MG-FLESH	A_BR-FLESH	B_BR-FLESH	C_BR-FLESH	A_OR-FLESH	B_OR-FLESH	C_OR-FLESH	A_RED-FLESH	B_RED-FLESH	C_RED-FLESH	A_IG-PEEL	B_IG-PEEL	C_IG-PEEL	A_MG-PEEL	B_MG-PEEL	C_MG-PEEL	A_BR-PEEL	B_BR-PEEL	C_BR-PEEL	A_OR-PEEL	B_OR-PEEL	C_OR-PEEL	A_RED-PEEL	B_RED-PEEL	C_RED-PEEL	Average (all conditions)
Lactic_acid 	1	1	1	1	1	1	1	1	1	1		0,103433396	0,136431533	0,158933787	0,206876868	0,173201105	0,158327515	0,089614692	0,11277366	0,117141281	0,11941842	0,116122071	0,219713761	0,094073208	0,159235826	0,168387141	0,11402039	0,144409203	0,204191028	0,116198032	0,133567058	0,11709766	0,143577319	0,122235652	0,087344296	0,07036139	0,446812557	0,100886937	0,108268197	0,161884877	0,09981212	0,143478366
Alanine_	0	0	0	0	1	1	1	1	1	1		0,001368959	0,002371353	0,001748098	0,0021849	0,001545409	0,002238296	0,002289165	0,002324022	0,002714016	0,000415269	0,001462499	0,003203877	0,012919613	0,009264409	0,007313279	0,006052346	0,002391172	0,002051979	0,007315122	0,001803018	0,005399634	0,006536577	0,001297469	0,001850366	0,006925772	0,009130686	0,001633031	0,020361884	0,0356504	0,017657153	0,0059806591
EIQTMS_N12C_NID1_7.01	1	1	1	1	1	1	1	1	1	1		0,193930249	0,32902443	0,215522362	0,249657865	0,143900624	0,186188172	0,2974175	0,221860111	0,179164977	0,225637533	0,173354772	0,206230435	0,06272117	0,092068608	0,231027764	0,36758137	0,439627744	0,328000176	0,315373483	0,307196772	0,253600282	0,373634281	0,205174893	0,213042344	0,185300739	1,024431975	0,193259931	0,113561122	0,145714043	0,1422658	0,2538490509
chorismate/phenylpyruvate_	0	0	0	0	1	1	1	1	1	1		0,001610966	0,001642788	0,001500902	0,001850915	0,001840931	0,001308196	0,002675071	0,001335573	0,001281941	0,002365111	0,00168643	0,00077181	0,002380709	0,001934165	0,001774895	0,007291291	0,003671399	0,001274576	0,010086468	0,002360358	0,003381819	0,008266331	0,005809757	0,00399392	0,010146367	0,008159703	0,006383508	0,007165017	0,007288981	0,006281951	0,003917395
EIQTMS_N12C_SD1_1228.8_7.24	1	1	1	1	1	1	1	1	1	1		0,318089924	0,250936882	0,264223995	0,365739917	0,268148501	0,193859227	0,303313747	0,220124083	0,199701685	0,384008846	0,29113385	0,190284884	0,324324437	0,388642902	0,256017353	0,485159044	0,202094413	0,165396799	0,363915929	0,21682293	0,199083301	0,400274419	0,285634853	0,167197242	0,358417383	0,589912836	0,221784173	0,274818358	0,287854879	0,257583889	0,2898166894
2-aminobutyric_acid_	1	1	1	1	1	1	1	1	1	1		0,00071389	0,00013168	0,000605796	0,000355949	0,000226132	0,000668499	0,00077656	0,001011142	0,000680426	0,001348443	0,000111588	0,000648692	0,000416289	0,001189393	0,000714407	0,000604456	0,000534859	0,000183926	0,000534425	0,000592791	0,000516769	0,000317834	0,001049862	0,00089404	0,0006505	0,000609886	0,000896561	0,000592025	0,000679955	0,000549013	0,0006268596
L-Valine_	0	1	1	0	1	1	1	0	0	1		0,000775126	0,000836534	0,000855471	0,004091567	0,000191768	0,001071742	0,00078074	0,002033472	0,001341024	0,000739702	0,000266087	0,002147548	0,014699236	0,001659227	0,002669541	0,00420595	0,001248798	0,000521905	0,008462698	0,000581427	0,005999741	0,001399185	0,000647037	0,000551088	0,001014655	0,001010578	0,000332559	0,001526119	0,002410773	0,000523115	0,0021531471
Bensoic_acid_	1	1	1	1	1	1	1	1	1	1		0,160185176	0,135785989	0,08480579	0,100537425	0,099363615	0,083922761	0,0715696	0,095528407	0,076354978	0,150864756	0,08615754	0,077145565	0,0819785	0,126725909	0,097050537	0,311290794	0,128348556	0,112842707	0,141287806	0,162522811	0,091502531	0,10361011	0,098346388	0,123320179	0,188159715	0,258152942	0,072857498	0,084628237	0,15751021	0,080417273	0,1214258102
L-Serine	0	1	1	1	1	0	1	1	0	1		0,099552141	0,140862097	0,05521785	0,505299416	0,069768587	0,35665193	0,865499377	0,688179203	0,296308559	0,586625673	0,091784019	0,481891123	0,593867032	0,552879771	0,44043521	0,162783393	0,123440432	0,061835775	0,660489374	0,078751326	0,609262132	0,663615525	0,835092621	0,392169458	0,157435913	0,053122375	0,117619593	0,206491278	0,252911656	0,160511492	0,3453451444
PHOSPHORIC_ACID_	0	1	0	1	1	1	1	1	1	1		2,359406347	4,492657738	2,429086311	4,412036504	5,313254852	3,844591912	2,809665575	5,031297044	3,968045209	5,031797797	4,032868172	4,373020177	7,359097879	12,05438595	8,232933788	3,421447526	6,952760707	5,359708519	16,19790659	10,92028085	13,83060459	15,88659012	6,809737532	20,39510044	17,89816743	12,07803061	14,55145909	7,663852359	5,485136395	8,070814856	8,042191429
Glycerol_	0	1	1	1	1	1	1	1	1	1		0,046273395	0,078242899	0,045969664	0,067691396	0,07475928	0,068368861	0,052964785	0,072322603	0,060765068	0,08048047	0,06052312	0,074365736	0,112530858	0,171811817	0,119976564	0,077939213	0,096909089	0,094902319	0,211357293	0,143768994	0,198119492	0,218039189	0,110875535	0,265545989	0,234367225	0,179605872	0,189943426	0,13186943	0,110741237	0,121894971	0,1190975263
leucine_	1	1	1	1	1	1	1	1	1	0		0,000726857	0,002676709	0,001230067	0,00189481	0,000717605	0,003215615	0,003016013	0,00235934	0,001950114	0,001247682	0,000557169	0,001615812	0,002673902	0,003634792	0,001629793	0,00109121	0,001462398	0,001076935	0,002374933	0,001718728	0,001602384	0,003298268	0,00257176	0,002127569	0,002243664	0,001246165	0,002325184	0,000775689	0,001088856	0,000543123	0,0018231049
isoleucine_	1	1	1	1	1	1	1	1	0	1		0,002721381	0,014290532	0,006185536	0,009985821	0,002761867	0,006741668	0,009959502	0,009720038	0,004895816	0,005770026	0,000817821	0,006517077	0,019516823	0,017257617	0,008828937	0,003940416	0,009342069	0,003558145	0,009347689	0,00273921	0,007308229	0,006270046	0,006973057	0,003823995	0,002782175	0,002001976	0,001602569	0,005482737	0,004948567	0,005243367	0,006711157
l-Threonine	1	1	1	1	1	1	1	1	0	1		0,063218972	0,253525185	0,056565464	0,152304428	0,03555808	0,104449593	0,256573817	0,140806087	0,067387844	0,153111187	0,03283981	0,088028446	0,165412838	0,174270976	0,202567048	0,073881704	0,251518023	0,049923571	0,193183078	0,034961669	0,131253134	0,104148014	0,195989813	0,060206394	0,047500674	0,024161833	0,028839853	0,086725069	0,127473916	0,074915389	0,1143767303
NICOTINIC_ACID_	1	1	1	1	1	1	1	1	1	1		0,011700704	0,027280379	0,022816765	0,014120346	0,020911039	0,024708419	0,020216795	0,024593371	0,020150877	0,018864008	0,021546954	0,023726632	0,01951642	0,035839731	0,020389849	0,009212323	0,014756892	0,013754316	0,009715077	0,009095949	0,016003358	0,011184244	0,025639044	0,012407297	0,009784131	0,035960923	0,012071255	0,018275445	0,021985255	0,016372802	0,0187533533
Proline	1	1	1	1	1	1	1	1	1	1		0,000941962	0,000718366	0,000479899	0,000584596	0,000222433	0,001141824	0,000850249	0,000253528	0,000493678	0,000775142	0,000561392	0,000997672	0,000834425	0,002302868	0,001841501	0,001029926	0,00073631	0,000501082	0,001355101	0,000498341	0,000612828	0,000843719	0,001569929	0,001029135	0,000616556	0,002447158	0,000260964	0,001043526	0,001864023	0,002100017	0,000983605
Maleic_acid_	1	1	1	1	1	1	1	1	1	1		0,007278875	0,010677716	0,006645308	0,009738863	0,007306157	0,008572634	0,008131533	0,00852666	0,006379511	0,011025003	0,006360213	0,009616551	0,006575183	0,008374935	0,01067046	0,010752129	0,009451171	0,008874581	0,006463679	0,007529087	0,009295861	0,010988647	0,008149239	0,006837005	0,006322432	0,025133944	0,007566677	0,006844087	0,008812404	0,007265092	0,0088721879
Glycine_	1	1	1	1	1	1	1	1	0	1		0,035013406	0,084702971	0,064928955	0,094733858	0,010431076	0,078508022	0,098327984	0,122484234	0,058262682	0,16217532	0,013261315	0,08979802	0,09275867	0,068679949	0,0856149	0,080935809	0,052303348	0,073077395	0,065447722	0,022733541	0,059322077	0,104156934	0,048608365	0,032951714	0,026207047	0,019239158	0,023968872	0,052616559	0,088785462	0,039578893	0,0649871419
succinic_acid_	1	1	1	1	1	1	1	1	1	1		0,015401612	0,028991937	0,029243028	0,013791316	0,019758636	0,031051299	0,018769379	0,029148278	0,031135654	0,030606699	0,037381273	0,044566425	0,024299334	0,036292964	0,040372547	0,014795083	0,022989928	0,034138257	0,016138087	0,023243268	0,028825412	0,02647284	0,031017537	0,036327115	0,052965478	0,114919253	0,059030411	0,049734655	0,06637187	0,078914422	0,0362231332
glyceric acid_	0	1	1	1	1	0	1	1	1	1		0,001223844	0,001212597	0,001118376	0,001493349	0,002166564	0,001879685	0,002102778	0,00119876	0,001615752	0,004386915	0,002889532	0,003437214	0,003405371	0,003776201	0,003530181	0,001455049	0,001024104	0,001040289	0,002694741	0,002099178	0,002740702	0,003463238	0,005134193	0,003971013	0,008949193	0,003906018	0,006817099	0,003879275	0,004926344	0,004420846	0,00306528
uracil_	1	1	1	1	1	1	1	1	1	1		0,002889035	0,013803131	0,008984065	0,006356335	0,005850328	0,01150116	0,004738081	0,015270965	0,010561024	0,008119251	0,007532545	0,011613786	0,005348427	0,009330012	0,017578611	0,003770451	0,014239722	0,016552691	0,003497525	0,012957846	0,011373432	0,008302182	0,012471257	0,009548404	0,003197204	0,044752079	0,007455257	0,006245858	0,008762385	0,00895214	0,010385173
fumeric_acid	1	1	1	1	1	1	1	1	1	1		0,042352933	0,04160385	0,017545697	0,060176185	0,015717932	0,029710901	0,014777544	0,025426291	0,022742046	0,03785031	0,025573729	0,030802416	0,051963901	0,041848205	0,067290543	0,016447986	0,010547082	0,022705438	0,019486517	0,012290606	0,038679418	0,026392123	0,029616053	0,042143648	0,017256658	0,054984677	0,028277945	0,029000166	0,049218081	0,042275301	0,0321568061
homoserine_	0	1	1	1	1	1	1	1	1	1		0,003644323	0,004856768	0,001842295	0,010811766	0,001393445	0,009565063	0,013929735	0,011876831	0,004527398	0,009628593	0,003065287	0,005141477	0,001788345	0,002985815	0,010170407	0,007699505	0,003454762	0,002879879	0,012589197	0,004017624	0,013435148	0,020828477	0,026275246	0,00821724	0,003330448	0,005812135	0,001786373	0,003607096	0,006108888	0,001552902	0,0072274156
Threonic_acid-1,4-lactone_	1	1	0	1	1	1	1	1	1	1		0,004081199	0,00118885	0,002194745	0,002191466	0,001561432	0,002191416	0,000968273	0,002491979	0,000849784	0,001788495	0,002046483	0,001887058	0,003963762	0,005534366	0,002648003	0,002943984	0,002885857	0,002242733	0,004316556	0,003234944	0,004902627	0,002838676	0,006075826	0,001842088	0,002360075	0,003844705	0,001932182	0,003853032	0,005351	0,00346487	0,0029225489
Alanine_{BP}_	1	1	1	1	1	1	1	1	1	1		0,051672968	0,06277536	0,02795587	0,057709942	0,017128031	0,036966562	0,084076977	0,045042951	0,030345565	0,114985537	0,016249996	0,069817838	0,066900263	0,069898946	0,060511829	0,03432027	0,028501194	0,021092075	0,037792109	0,011177777	0,032327354	0,022064224	0,022976588	0,017124479	0,030802227	0,023008586	0,021032444	0,023154403	0,041332418	0,028070069	0,0402271617
malic_acid_	1	1	1	1	1	1	1	1	0	0		7,836010225	8,908627331	7,220457329	15,06652838	11,44461155	13,17532518	13,5708473	18,36635418	15,77875864	12,25847355	11,70281146	13,57953088	8,870239287	9,303369407	9,336218706	5,200754003	7,894525923	9,839099865	6,892862865	2,020581684	4,179048468	4,023521295	5,046935328	5,822230726	3,369964365	2,284444242	4,010290084	1,111240922	1,441850544	1,827111571	8,0460875097
salicylic_acid_	1	1	1	1	1	1	1	1	1	1		0,00275055	0,003574618	0,003007209	0,002151182	0,00268814	0,003275225	0,000951635	0,003475181	0,003247799	0,002059183	0,003090922	0,003388914	0,001184675	0,004077985	0,00529885	0,00368835	0,003014046	0,004309747	0,00342908	0,002887425	0,003288491	0,002143718	0,00481573	0,003612864	0,002474261	0,012948577	0,003319189	0,001668746	0,003164597	0,003310899	0,0034099263
L-Aspartic_acid_	0	1	1	1	1	1	1	0	1	1		0,016161431	0,036781988	0,003671232	0,111731095	0,015092251	0,00983547	0,111177752	0,066779361	0,005082156	0,204771207	0,01435755	0,029744508	0,101737977	0,124852287	0,083614299	0,05765638	0,036395498	0,005914971	0,224279933	0,023456665	0,042713917	0,068124558	0,015166654	0,001390041	0,085698449	0,005327247	0,001411855	0,089327744	0,131586699	0,021549277	0,0581796817
methionine_	1	0	1	1	1	1	1	1	1	1		0,00019405	0,004249421	0,00050496	0,001487267	0,000286872	0,000331888	0,00236658	0,00093102	0,000531646	0,003384927	0,000350068	0,002437568	0,002187717	0,001999462	0,002802619	0,00348297	0,00278117	0,002313438	0,003089005	0,000325723	0,001214081	0,00106643	0,001083276	0,000540365	0,00268667	0,00113963	0,001400412	0,001873111	0,002950194	0,00156906	0,00171872
Pyroglutamic_acid_	1	1	1	1	1	1	1	1	0	1		0,734308071	1,410615079	0,661307332	1,049069165	0,675240671	0,894028102	1,988285846	1,057341497	0,707003905	2,145117711	0,29786611	1,451485497	2,177207405	1,995710871	1,779517161	0,654758044	0,675070288	0,412207465	1,134392577	0,26729197	1,028239475	0,566626492	0,641583142	0,431333952	0,55859534	0,285357185	0,369204835	0,443073361	0,747938388	0,60803928	0,9282605406
4-Aminobutyric_acid_	1	1	1	1	1	0	0	0	0	0		3,090349866	2,81738024	1,672002365	4,173026083	1,371187586	2,453941653	4,384069187	1,650480274	2,069406069	5,389929434	0,745670613	4,415602486	3,389225477	2,245178118	1,557307306	0,406241017	0,379179877	0,319438873	0,230477774	0,108291434	0,198971511	0,170054531	0,224693817	0,05481566	0,146462416	0,03871072	0,106371373	0,188737068	0,295675199	0,210481771	1,4834453266
Alanine,_phenyl-,_	1	1	1	1	1	1	1	1	0	1		0,044296	0,076048977	0,065849172	0,023370061	0,007418333	0,030106766	0,039237402	0,020680727	0,016385335	0,020092136	0,004293586	0,012274904	0,022997949	0,0288106	0,01840125	0,022343669	0,064750597	0,056758649	0,016629715	0,005604579	0,038504661	0,008017156	0,022444424	0,005757411	0,001493642	0,002018961	0,00062119	0,01276277	0,016163162	0,007960483	0,0237364756
phenylpyruvate_	1	1	1	1	1	1	1	1	1	1		0,002420874	0,000719686	0,001298289	0,001774625	0,001158779	0,002185437	0,001634991	0,00124635	0,002435581	0,002127928	0,00123279	0,002819615	0,003391818	0,005405734	0,002741144	0,001825816	0,001042108	0,002701342	0,001555199	0,000373951	0,001873402	0,001166421	0,001936083	0,001740798	0,004649495	0,00243493	0,003708032	0,002672556	0,006635084	0,003878924	0,0023595927
ASPARAGINE_	0	1	1	1	1	0	1	0	1	1		0,004490708	0,00438481	0,002766353	0,023949469	0,003164197	0,004843061	0,050255732	0,021935428	0,00402418	0,04991057	0,001473704	0,007028355	0,03661669	0,013588066	0,009094462	0,006297506	0,006375006	0,006056744	0,029168984	0,004529791	0,006954543	0,007201628	0,006305197	0,005023059	0,012287308	0,008261055	0,009147242	0,01295577	0,009606005	0,011343778	0,0126346467
Chorismate 	1	1	1	1	1	1	1	1	1	1		0,00815798	0,009734985	0,007057706	0,008445558	0,004823247	0,007361048	0,006704393	0,009150429	0,007076041	0,013394774	0,00719147	0,011007808	0,009118253	0,013318826	0,013936192	0,006417579	0,005395707	0,006276012	0,00953919	0,005364639	0,008969468	0,011166139	0,006650511	0,007143719	0,00819643	0,022056572	0,008962128	0,009253032	0,013260827	0,009422447	0,0091517703
L-Glutamic_acid_	0	0	1	1	1	0	1	0	0	1		0,03049832	0,07046225	0,011699821	0,251828312	0,068930968	0,018127094	0,389642361	0,124799424	0,018464596	0,914874625	0,178315374	0,186857021	1,256930337	1,034506093	0,728292105	0,137429992	0,056385688	0,011223283	0,498272568	0,045945754	0,080106222	0,167667866	0,051284626	0,003763763	0,240430332	0,015800328	0,005423542	0,598628432	1,009753798	0,246343085	0,281756266
Phenylalanine_	1	1	1	1	1	1	1	0	0	0		0,022955522	0,082886213	0,035931372	0,067362901	0,00452317	0,008136844	0,103959539	0,027119713	0,00434941	0,043635545	0,002890879	0,00687302	0,025562733	0,018988511	0,009741039	0,058153526	0,036756075	0,019339799	0,045442105	0,003680081	0,019928837	0,015644811	0,007817869	0,001428035	0,00363208	0,00276494	0,001798379	0,012815538	0,010550737	0,002642417	0,0235770547
XYLOSE_	0	1	1	1	1	0	1	1	1	1		0,023931508	0,022073091	0,019941255	0,026037126	0,027209397	0,017936186	0,029754266	0,023782422	0,021105082	0,033885821	0,042506447	0,022949374	0,050115829	0,045349938	0,043669027	0,022331467	0,015097565	0,023303257	0,041511086	0,032879748	0,031100142	0,043037397	0,050494484	0,031841184	0,064278994	0,121599997	0,052427746	0,145210475	0,145954662	0,115790378	0,046236845
Arabinose_methoxyamine_	0	0	0	1	1	0	1	1	1	1		0,012142	0,017727501	0,016785976	0,034206184	0,029617277	0,030268827	0,032778961	0,031045704	0,026979248	0,050192076	0,042545897	0,038510475	0,075739537	0,082189164	0,075621708	0,017492037	0,019999387	0,01801065	0,070894868	0,054374929	0,060562285	0,079802725	0,070304045	0,062793819	0,129012732	0,135967051	0,109389604	0,285864871	0,30837091	0,248978184	0,0756056211
Ribose_	0	0	0	1	1	0	1	1	1	1		0,029499546	0,026096343	0,015400599	0,046800002	0,053547525	0,035359449	0,05692341	0,042825625	0,045321633	0,074282907	0,047285314	0,058813411	0,138911733	0,078097483	0,087174501	0,041170885	0,034256848	0,026389497	0,077496131	0,078376818	0,070166976	0,136123165	0,121060031	0,106075282	0,23680929	0,197899655	0,203415226	0,282591409	0,29071965	0,272063692	0,1003651345
Putrescine_	1	1	1	1	1	1	1	1	1	1		0,044101797	0,072133421	0,056252644	0,085423123	0,049308979	0,078406003	0,103382144	0,141514728	0,075317369	0,142682727	0,048194344	0,118640423	0,100268261	0,099943527	0,100877621	0,104977977	0,130248402	0,102217224	0,16654864	0,084520735	0,196083289	0,136701665	0,155221592	0,138978923	0,171166294	0,06570141	0,151311708	0,061650323	0,075893486	0,061927341	0,1039865373
Arabinofuranose	1	1	1	1	1	1	1	1	1	1		0,044548542	0,042507502	0,033343895	0,047802605	0,050068794	0,043116429	0,060128398	0,058360878	0,054838859	0,073661764	0,077497419	0,063093553	0,077441783	0,087261716	0,077335164	0,054939	0,052669543	0,044612443	0,064638578	0,047234927	0,052769162	0,086357286	0,06863409	0,065313223	0,088042414	0,166790038	0,102242093	0,106468131	0,110346427	0,112543222	0,0704869293
L-Glutamine	0	1	1	1	0	0	1	0	0	0		0,001421656	0,005201616	0,000909427	0,057175318	0,001214825	0,000777906	0,072387929	0,009882961	0,000681048	0,069190429	0,002413016	0,001046657	0,007532815	0,003287795	0,00120709	0,015127069	0,001370353	0,001032987	0,096036128	0,00109789	0,001033616	0,002238943	0,002483065	0,000471393	0,002983206	0,004143063	0,001474148	0,002078263	0,002199527	0,00072072	0,0122940286
Shikimic_acid	1	1	1	0	1	1	1	1	1	0		0,029791098	0,01449036	0,02696792	0,035714366	0,016178658	0,009389577	0,005350994	0,058356304	0,006674519	0,013949328	0,00895385	0,007089445	0,021620942	0,117091547	0,020523915	0,030422239	0,017544358	0,028033973	0,031998333	0,01032884	0,011154543	0,006741038	0,018071909	0,005872485	0,00435717	0,02048806	0,006846358	0,007078918	0,011255268	0,009481241	0,0203939185
Citric	0	1	1	1	1	0	0	1	1	0		3,786659607	3,899461194	3,06235881	24,41173767	22,36191343	16,85481601	29,48390257	32,3832925	29,94343422	29,20102738	47,09796084	28,72929349	34,42586426	41,89069172	34,92108368	3,342465289	4,783263179	6,746260778	14,11216091	2,757352597	5,155846315	7,424002791	9,220463331	9,257457194	10,50656255	4,781596538	10,54328497	8,223250212	10,82253266	0,263242065	16,346441292
Argenine	1	1	1	1	1	1	1	1	1	1		0,0018934	0,001045996	0,000861763	0,000595349	0,000578104	0,000549305	0,000536436	0,001323158	0,000764396	0,000603824	0,000732303	0,001020985	0,001033269	0,001828462	0,001818124	0,001092503	0,000386678	0,00122012	0,001446443	0,00051706	0,001117279	0,000597289	0,000437675	0,000582801	0,001961489	0,001778903	0,001458623	0,000335677	0,000932914	0,000731069	0,0009927132
Dehydroascorbic_acid	0	0	1	1	1	1	1	1	1	1		0,269923515	0,166043849	0,164777996	0,277168222	0,142391535	0,173908644	0,207618317	0,342185702	0,135293808	0,260662733	0,319503915	0,250827356	0,340117041	0,586252257	0,390473044	0,326433027	0,212318914	0,261266873	0,638651685	0,375805569	0,593409151	0,550553285	0,852398517	0,426631237	0,502850458	1,041973573	0,47036253	0,988066206	1,127288859	0,881713947	0,4425623922
Quinic_acid	1	1	1	1	1	1	0	0	0	1		0,643580776	0,22849267	0,590049401	0,181804879	0,191990788	0,147607896	0,133379903	0,157836392	0,16644787	0,167203342	0,237841558	0,152718807	0,402396382	0,545815525	0,463058975	0,860761331	0,301053991	1,219987896	0,117731525	0,077784705	0,078212487	0,044336514	0,116688335	0,041595656	0,133789063	0,226242746	0,088786735	0,422723212	0,552319759	0,390678951	0,3027639357
Fructose	1	1	1	1	1	0	0	1	1	1		22,01806438	15,31459918	21,46012364	24,59935044	21,36969096	24,3212356	27,87134823	20,22084241	22,60007231	26,27661792	31,4011283	26,62460439	39,08407693	40,04598335	36,10243987	3,299107204	3,077903462	5,805728112	9,015518228	9,462283386	12,33822932	12,79212146	19,08666954	12,57669103	17,24130284	15,02330087	14,33014433	28,88735588	37,32231981	25,77089623	20,8446583204
d-Galactose	0	0	1	1	1	0	0	0	1	1		0,000513672	0,000441873	0,000524711	0,000468583	0,000453504	0,000295308	0,001671029	0,001311108	0,000416704	0,001340341	0,000855101	0,000517078	0,001723647	0,001629975	0,000717388	0,000188281	0,000540856	0,000279451	0,000241275	0,000470561	0,000134167	0,00026329	0,000712769	0,000145909	0,002773581	0,001171584	0,000129824	0,010396446	0,001797598	0,000691349	0,0010938988
Ascorbic_acid	0	0	0	1	1	0	0	0	1	1		0,001758652	0,001046326	0,005886457	0,004372399	0,003045025	0,010128882	0,008822169	0,001822043	0,009024701	0,039775342	0,024167728	0,014837586	0,035328826	0,046679757	0,050229364	0,005782546	0,000489288	0,003128319	0,00682512	0,001158253	0,009051621	0,02089627	0,009186163	0,009359008	0,071987383	0,124633554	0,04430285	0,250339939	0,261165435	0,191288014	0,0422173007
Mannose	1	1	1	1	1	0	0	1	1	1		55,78307663	41,30100264	53,06257984	63,61373948	50,65044169	61,2435156	68,5532246	51,87555506	56,02011154	68,68755124	74,2214118	67,74181756	88,7221863	97,23738691	87,71335718	7,214488564	6,054983526	13,16140779	20,12531774	18,5693573	27,73815208	27,52051177	45,87898161	25,55858133	41,08305213	33,78031418	30,00653306	59,1516222	82,45898676	51,94568822	49,2224978777
Tyrosine	1	1	1	1	1	1	1	1	1	1		0,002938589	0,001926344	0,000920769	0,001349981	0,001844644	0,000615816	0,0017695	0,001185571	0,000850672	0,002166258	0,002675389	0,001563355	0,002251077	0,004038526	0,002841325	0,001758395	0,000656675	0,000669684	0,001897538	0,002050874	0,000968886	0,001660713	0,00203057	0,000576199	0,001682526	0,003126863	0,000438283	0,001427012	0,002959878	0,00313788	0,0017993264
Glucose	1	1	1	1	1	0	0	1	1	1		4,132800993	3,078840529	4,144463182	4,875113249	4,007417353	4,886987125	5,35762038	4,161919312	4,411020866	5,648288408	6,343389067	5,44473951	8,08332523	8,578002576	7,468702305	0,649168216	0,578344803	1,010371481	1,585554475	1,491917853	2,062808398	2,108959684	3,718607004	1,836573318	3,030800881	2,754167601	2,18281936	4,926099239	7,046093561	4,278504954	3,9961140304
trans_p-coumaric_acid	1	1	1	1	1	0	0	1	1	1		0,035609798	0,028720273	0,03255675	0,0450625	0,03132933	0,042723295	0,053554486	0,039214271	0,039800751	0,060379736	0,05202954	0,052148888	0,067830701	0,078088556	0,067742602	0,006512506	0,005501475	0,00845907	0,018147527	0,012088125	0,022534821	0,022965202	0,039187106	0,016787644	0,032231391	0,026590773	0,021387666	0,054789275	0,068462672	0,036509564	0,0372982098
Glucopyranose	1	1	1	1	1	0	0	0	0	0		0,317047871	0,759466798	0,692976039	2,775450957	0,606753216	0,128985166	0,25769275	6,123012053	0,178572622	1,819734187	0,233375718	0,119268252	0,759793558	8,047249541	1,066184737	0,045833332	0,606242148	0,303115294	1,205571659	0,104744115	0,082788661	0,174650035	0,45797392	0,017199864	0,190118363	0,565019578	0,202923971	0,113641593	0,391220114	0,186900081	0,9511168731
Gluconic acid	1	1	1	1	1	1	1	1	1	1		0,035139506	0,036839672	0,034921455	0,033939642	0,04415381	0,047737854	0,035583518	0,062542221	0,046709098	0,059124894	0,075128569	0,051063668	0,073528496	0,103924747	0,092446481	0,03825358	0,04468771	0,034756992	0,056341015	0,02754166	0,04724158	0,020000639	0,0542515	0,029999676	0,057189172	0,082278794	0,0571631	0,118802263	0,112770717	0,100395909	0,0571485979
Hexadecanoic_acid_	1	1	1	1	1	1	1	1	1	1		0,022056618	0,019801164	0,014911891	0,016513405	0,012830309	0,012303667	0,009286336	0,013403548	0,013568585	0,012941607	0,024931006	0,011724511	0,012168942	0,046650472	0,016771418	0,036132948	0,018197553	0,031783156	0,023393749	0,008491851	0,016442792	0,025940243	0,013081709	0,010617847	0,011390756	0,041458156	0,011246019	0,01322364	0,062788769	0,014553427	0,0199535365
Inositol_myo-ino	1	1	1	1	1	1	1	1	1	1		3,130844818	2,223844364	2,391212801	1,321353246	1,040438855	1,949992394	1,511160078	1,57532096	1,37242108	2,23427344	2,262183941	2,077423583	2,446737755	3,320484976	2,949577066	5,87852204	3,115392845	3,29895933	4,605394278	1,364966648	3,920584788	2,225939423	2,63457364	2,148322121	3,980410071	2,799203712	2,604799441	4,627681876	5,601381553	5,045124135	2,8552841753
Octadecanoic_acid	1	1	1	1	1	1	1	1	1	1		0,021228395	0,0204214	0,01258781	0,023011859	0,011299501	0,011295236	0,014159819	0,01302706	0,011654356	0,018639544	0,016373794	0,010149067	0,016165535	0,031617586	0,018622472	0,045299969	0,019619237	0,016177711	0,039311358	0,007864101	0,018686734	0,035485264	0,013138855	0,010021534	0,017007104	0,030181789	0,012325178	0,022248514	0,028840654	0,019564908	0,0195342115
Fructose_6_posphate	0	0	0	0	1	1	0	1	0	1		0	0	0	0,000269196	0	0	0,000158144	0	0	0,000174135	0	0	0,002059093	0,000190883	0	0,001625409	0,000143594	0	0,000646147	0	0	0,002221234	0,000459527	0	0,000340803	0,000202779	0,000282228	0,003202894	0,003545961	0,002590249	0,0006037425
Gluc-6-posphate	0	0	0	0	1	1	1	1	1	1		0,000780024	0	0,000158659	0,00193702	0	0	0,000840169	0	0	0,000408921	0,000470603	0,000235951	0,014461851	0,002367659	0	0,008424472	0,000557955	0,000220123	0,01400301	0	0,000355326	0,009682482	0,001597676	0	0,012334361	0,000438206	0,003461742	0,022112232	0,018792306	0,00935583	0,0040998859
Galacturonic_acid	0	0	0	0	1	0	1	1	1	1		0,006157854	0,002804225	0,001648945	0,013996673	0,002769532	0,003165049	0,005032984	0,002574064	0,001074813	0,014697859	0,01173935	0,002167112	0,061098333	0,01410255	0,003562401	0,032361463	0,004463579	0,002501713	0,114751142	0,001865927	0,003874172	0,050844336	0,056407506	0,002501058	0,117921969	0,008194897	0,01744295	0,24803408	0,276426447	0,123552786	0,040257859
Myo-Inositol-1-phosphate	0	0	0	0	1	0	1	1	1	1		9,42746E-05	3,95995E-05	3,40908E-05	0,000589713	0,000249095	4,79034E-05	0,000358418	0,000258561	0,000049742	0,000559971	0,000384697	3,14568E-05	0,002171459	0,001808048	0,000242947	0,000184638	0,00044013	0,000491913	0,006525352	0,000310146	0,001341267	0,004475979	0,001112538	0,001221548	0,010841995	0,000713842	0,004546562	0,004838012	0,004746271	0,006412001	0,0018374057
b-D-Glc-(1,4)-D-Glc	0	1	1	1	1	1	1	1	1	1		0,002956065	0,003825622	0,001814111	0,005406441	0,006466622	0,003677558	0,005868767	0,004755487	0,004703586	0,005008363	0,007624556	0,005212651	0,007227698	0,007577687	0,007580984	0,007288981	0,008856769	0,003320133	0,010257568	0,009877551	0,006803591	0,007992953	0,01319426	0,006078587	0,010325759	0,01277638	0,012248055	0,01696019	0,023772896	0,016070588	0,0081843486
5-Hydroxytryptamine_	0	1	1	1	1	0	1	1	1	1		0,001777544	0,002763433	0,000264795	0,010420929	0,005549714	0,004023149	0,003829388	0,003874949	0,003532855	0,007732871	0,009336871	0,002203496	0,015361906	0,008451705	0,006330781	0,003042753	0,003895717	0,001746297	0,009067488	0,00485312	0,003989272	0,011605478	0,005254897	0,002841483	0,006202814	0,004391789	0,006472055	0,010778448	0,010457525	0,008303962	0,0059452495
N12C_NID1_2610.6_1267BK12_[NA]	0	0	0	0	0	0	1	1	1	1		0,000516993	0,000272928	0,000665149	0,000218262	0,000113938	0,000160613	0,000511029	0,000600221	0,00017417	0,000101195	0,000283076	9,40014E-05	0,004111923	0,000292664	0,000406501	0,001558712	0,000328347	0,000239764	0,01423402	0,00038805	0,00017209	0,007872191	0,001366864	9,32718E-05	0,021353566	0,000659538	0,000195621	0,085693695	0,039563762	0,001483518	0,0061241891
Sucrose;_alpha-D-Glc_17	0	0	0	1	1	0	1	1	1	1		8,330698236	4,065464027	11,658698	8,715755818	8,61311908	10,88117548	11,62575805	9,113167089	8,229500726	9,816256294	10,14885996	13,0941863	27,77820982	34,23357963	24,26598315	9,978030809	4,677255783	9,207234243	23,89133288	15,2000929	21,93019978	19,36338914	42,21207384	15,97752578	27,80475334	21,25558318	20,43096712	61,92733831	75,49790672	57,2176138	20,9047236428
Treholose_	1	1	1	0	1	0	1	1	1	1		0,021796011	0,020311225	0,03283933	0,015842809	0,034260134	0,013825779	0,028053615	0,018943676	0,026063089	0,018250899	0,008556252	0,01603749	0,029769074	0,019664582	0,020312366	0,012376823	0,019400065	0,008350134	0,031049844	0,069064797	0,069668456	0,036682998	0,057476706	0,062657463	0,069279279	0,002553413	0,027994584	0,072386635	0,040532617	0,057227752	0,0320409299
Maltose	0	1	1	1	1	0	1	1	1	1		0,003144901	0,003767196	0,003378542	0,005412563	0,006115626	0,005535866	0,008354823	0,00723554	0,007057822	0,007619476	0,010955572	0,008911584	0,015161666	0,013385942	0,013746701	0,004543031	0,00459596	0,003661555	0,005970924	0,007064411	0,00580997	0,007326273	0,014328128	0,007640476	0,009037533	0,010057553	0,009394131	0,022641218	0,03166226	0,01832627	0,0093947838
Naringenine	0	0	0	0	0	0	0	0	1	1		0,000201252	9,48642E-05	0,00012349	0,000280011	0,000107839	0,000117277	0,000159885	0,000112852	0,000103324	0,000147546	0,000195634	0,000125271	0,000302461	0,000158194	0,000321376	0,00023718	9,08903E-05	0,000211071	0,000519568	0,000103493	0,000262356	0,053577757	0,010650501	0,01047088	3,057963837	0,986033377	1,402499606	0,901815709	0,370703838	0,997189399	0,259829358
Galactinol	1	1	0	0	1	1	0	0	0	0		0,15444769	0,119925456	0,190494516	0,036285436	0,036871191	0,035339027	0,030410713	0,025907823	0,025247195	0,021185671	0,034498579	0,027020126	0,042958551	0,038520006	0,034803606	0,228328982	0,148901269	0,233477431	0,028910144	0,023373757	0,03358537	0,020945081	0,031033879	0,017511224	0,014265168	0,021868677	0,019259587	0,02000666	0,028057993	0,020046481	0,058116243
Raffinose	0	0	0	0	0	0	1	1	1	1		0,004534983	0,014417987	0,003311524	0,01107954	0,031692842	0,005012971	0,010410652	0,019899138	0,028297977	0,020615411	0,004418781	0,001418311	0,019164259	0,012849359	0,009013198	0,013547717	0,03961585	0,00379587	0,101026784	0,17834693	0,106145071	0,064265367	0,085254872	0,127984341	0,115310235	0,006006033	0,03516027	0,064996023	0,035959685	0,057073858	0,0410208613
